
Threads_num: 1: 
13.000000, 50.000000, 118.000000, 208.000000, 312.000000, 459.000000, 612.000000, 795.000000, 1008.000000, 1242.000000, 1505.000000, 1791.000000, 2099.000000, 2433.000000, 2788.000000, 3205.000000, 3578.000000, 4010.000000, 4471.000000, 4940.000000, 5448.000000, 5977.000000, 
Threads_num: 2: 
32.000000, 83.000000, 169.000000, 266.000000, 367.000000, 520.000000, 699.000000, 904.000000, 1083.000000, 1361.000000, 1569.000000, 1893.000000, 2140.000000, 2574.000000, 2818.000000, 3178.000000, 3691.000000, 3957.000000, 4388.000000, 4880.000000, 5353.000000, 6049.000000, 
Threads_num: 3: 
35.000000, 88.000000, 159.000000, 287.000000, 378.000000, 562.000000, 684.000000, 850.000000, 1045.000000, 1277.000000, 1498.000000, 1806.000000, 2015.000000, 2416.000000, 2728.000000, 3010.000000, 3445.000000, 3822.000000, 4270.000000, 4610.000000, 5009.000000, 5546.000000, 
Threads_num: 4: 
41.000000, 100.000000, 175.000000, 283.000000, 384.000000, 505.000000, 659.000000, 822.000000, 1137.000000, 1250.000000, 1534.000000, 1807.000000, 1975.000000, 2274.000000, 2591.000000, 2971.000000, 3466.000000, 3775.000000, 4070.000000, 4710.000000, 5073.000000, 5380.000000, 
Threads_num: 5: 
43.000000, 104.000000, 185.000000, 284.000000, 397.000000, 530.000000, 699.000000, 890.000000, 1214.000000, 1353.000000, 1576.000000, 1982.000000, 2437.000000, 2794.000000, 3000.000000, 3175.000000, 3468.000000, 3986.000000, 4330.000000, 5502.000000, 5904.000000, 6121.000000, 
Threads_num: 6: 
44.000000, 108.000000, 190.000000, 286.000000, 402.000000, 539.000000, 697.000000, 881.000000, 1106.000000, 1295.000000, 1518.000000, 1767.000000, 2047.000000, 2396.000000, 2673.000000, 3012.000000, 3364.000000, 3829.000000, 4143.000000, 4761.000000, 5003.000000, 5441.000000, 
Threads_num: 7: 
46.000000, 109.000000, 194.000000, 295.000000, 418.000000, 548.000000, 700.000000, 877.000000, 1079.000000, 1284.000000, 1514.000000, 1770.000000, 2037.000000, 2335.000000, 2641.000000, 2978.000000, 3364.000000, 3727.000000, 4096.000000, 4542.000000, 4908.000000, 5370.000000, 
Threads_num: 8: 
49.000000, 117.000000, 205.000000, 313.000000, 436.000000, 582.000000, 751.000000, 915.000000, 1108.000000, 1321.000000, 1556.000000, 1824.000000, 2104.000000, 2389.000000, 2677.000000, 3001.000000, 3350.000000, 3729.000000, 4107.000000, 4482.000000, 4905.000000, 5331.000000, 
Threads_num: 9: 
52.000000, 123.000000, 208.000000, 315.000000, 444.000000, 582.000000, 737.000000, 922.000000, 1120.000000, 1338.000000, 1574.000000, 1841.000000, 2103.000000, 2401.000000, 2699.000000, 3056.000000, 3395.000000, 3768.000000, 4161.000000, 4570.000000, 4983.000000, 5437.000000, 
Threads_num: 10: 
55.000000, 128.000000, 223.000000, 327.000000, 454.000000, 596.000000, 756.000000, 946.000000, 1146.000000, 1355.000000, 1588.000000, 1845.000000, 2128.000000, 2414.000000, 2719.000000, 3055.000000, 3411.000000, 3787.000000, 4205.000000, 4607.000000, 5023.000000, 5456.000000, 
Threads_num: 11: 
58.000000, 135.000000, 228.000000, 338.000000, 468.000000, 617.000000, 776.000000, 961.000000, 1150.000000, 1382.000000, 1616.000000, 1863.000000, 2140.000000, 2475.000000, 2741.000000, 3083.000000, 3424.000000, 3813.000000, 4204.000000, 4593.000000, 5058.000000, 5548.000000, 
Threads_num: 12: 
62.000000, 141.000000, 241.000000, 361.000000, 491.000000, 645.000000, 819.000000, 1003.000000, 1206.000000, 1430.000000, 1673.000000, 1924.000000, 2221.000000, 2515.000000, 2830.000000, 3168.000000, 3503.000000, 3885.000000, 4286.000000, 4690.000000, 5105.000000, 5597.000000, 
Threads_num: 13: 
65.000000, 148.000000, 248.000000, 362.000000, 498.000000, 655.000000, 827.000000, 1023.000000, 1223.000000, 1433.000000, 1678.000000, 1940.000000, 2214.000000, 2512.000000, 2831.000000, 3172.000000, 3572.000000, 3959.000000, 4319.000000, 4725.000000, 5157.000000, 5613.000000, 
Threads_num: 14: 
66.000000, 150.000000, 253.000000, 371.000000, 512.000000, 668.000000, 842.000000, 1030.000000, 1239.000000, 1463.000000, 1704.000000, 1966.000000, 2247.000000, 2548.000000, 2864.000000, 3201.000000, 3557.000000, 3936.000000, 4334.000000, 4751.000000, 5185.000000, 5646.000000, 
Threads_num: 15: 
72.000000, 159.000000, 266.000000, 384.000000, 525.000000, 684.000000, 865.000000, 1063.000000, 1286.000000, 1509.000000, 1750.000000, 2008.000000, 2280.000000, 2587.000000, 2923.000000, 3247.000000, 3603.000000, 3981.000000, 4378.000000, 4794.000000, 5221.000000, 5673.000000, 
Threads_num: 16: 
72.000000, 164.000000, 271.000000, 397.000000, 542.000000, 701.000000, 880.000000, 1074.000000, 1289.000000, 1521.000000, 1766.000000, 2041.000000, 2359.000000, 2656.000000, 2968.000000, 3298.000000, 3672.000000, 4047.000000, 4443.000000, 4868.000000, 5311.000000, 5768.000000, 