1000 - 2000000
Splits - 10
: 1.000000, 13.000000, 24.000000, 36.000000, 48.000000, 60.000000, 72.000000, 84.000000, 97.000000, 109.000000, 121.000000, 133.000000, 152.000000, 158.000000, 170.000000, 182.000000, 195.000000, 212.000000, 219.000000, 232.000000, 
Splits - 20
: 1.000000, 16.000000, 30.000000, 46.000000, 64.000000, 78.000000, 97.000000, 110.000000, 126.000000, 147.000000, 163.000000, 173.000000, 193.000000, 204.000000, 221.000000, 239.000000, 253.000000, 270.000000, 284.000000, 304.000000, 
Splits - 30
: 1.000000, 20.000000, 40.000000, 60.000000, 81.000000, 102.000000, 122.000000, 143.000000, 260.000000, 184.000000, 205.000000, 226.000000, 246.000000, 267.000000, 287.000000, 316.000000, 331.000000, 351.000000, 378.000000, 394.000000, 
Splits - 40
: 1.000000, 25.000000, 49.000000, 74.000000, 99.000000, 124.000000, 150.000000, 172.000000, 200.000000, 223.000000, 254.000000, 284.000000, 301.000000, 325.000000, 492.000000, 378.000000, 407.000000, 429.000000, 454.000000, 480.000000, 
Splits - 50
: 0.000000, 29.000000, 59.000000, 88.000000, 118.000000, 148.000000, 178.000000, 210.000000, 239.000000, 269.000000, 301.000000, 329.000000, 395.000000, 391.000000, 422.000000, 453.000000, 484.000000, 515.000000, 547.000000, 578.000000, 
Splits - 60
: 1.000000, 35.000000, 68.000000, 103.000000, 137.000000, 172.000000, 206.000000, 274.000000, 276.000000, 310.000000, 346.000000, 477.000000, 416.000000, 453.000000, 488.000000, 525.000000, 559.000000, 594.000000, 631.000000, 666.000000, 
Splits - 70
: 0.000000, 40.000000, 77.000000, 116.000000, 156.000000, 196.000000, 235.000000, 273.000000, 313.000000, 353.000000, 393.000000, 433.000000, 473.000000, 536.000000, 555.000000, 596.000000, 636.000000, 675.000000, 718.000000, 758.000000, 
Splits - 80
: 1.000000, 44.000000, 87.000000, 131.000000, 174.000000, 218.000000, 262.000000, 367.000000, 350.000000, 394.000000, 528.000000, 484.000000, 581.000000, 691.000000, 620.000000, 669.000000, 711.000000, 757.000000, 816.000000, 849.000000, 
Splits - 90
: 1.000000, 49.000000, 97.000000, 145.000000, 195.000000, 283.000000, 292.000000, 379.000000, 390.000000, 440.000000, 489.000000, 538.000000, 589.000000, 640.000000, 691.000000, 805.000000, 791.000000, 841.000000, 936.000000, 946.000000, 
Splits - 100
: 1.000000, 56.000000, 106.000000, 160.000000, 213.000000, 266.000000, 320.000000, 429.000000, 429.000000, 482.000000, 536.000000, 590.000000, 646.000000, 703.000000, 757.000000, 813.000000, 868.000000, 922.000000, 979.000000, 1035.000000, 