
Threads_num: 1
 34.000000, 113.000000, 242.000000, 426.000000, 662.000000, 945.000000, 1283.000000, 1659.000000, 2096.000000, 2590.000000, 3097.000000, 3699.000000, 4331.000000, 5015.000000, 5770.000000, 
Threads_num: 6
 14.000000, 50.000000, 104.000000, 194.000000, 332.000000, 482.000000, 651.000000, 816.000000, 1080.000000, 1335.000000, 1669.000000, 1945.000000, 2273.000000, 2626.000000, 3145.000000, 
Threads_num: 11
 13.000000, 41.000000, 83.000000, 156.000000, 249.000000, 407.000000, 576.000000, 719.000000, 872.000000, 1119.000000, 1299.000000, 1520.000000, 1812.000000, 2067.000000, 2451.000000, 
Threads_num: 16
 14.000000, 38.000000, 79.000000, 156.000000, 241.000000, 370.000000, 501.000000, 657.000000, 820.000000, 998.000000, 1159.000000, 1393.000000, 1644.000000, 1850.000000, 2160.000000, 
Threads_num: 21
 10.000000, 34.000000, 72.000000, 142.000000, 240.000000, 350.000000, 514.000000, 610.000000, 779.000000, 927.000000, 1134.000000, 1353.000000, 1553.000000, 1774.000000, 2108.000000, 
Threads_num: 26
 10.000000, 34.000000, 84.000000, 129.000000, 221.000000, 351.000000, 500.000000, 612.000000, 749.000000, 936.000000, 1126.000000, 1314.000000, 1573.000000, 1775.000000, 2136.000000, 
Threads_num: 31
 11.000000, 40.000000, 76.000000, 141.000000, 234.000000, 351.000000, 478.000000, 629.000000, 763.000000, 903.000000, 1077.000000, 1280.000000, 1497.000000, 1749.000000, 2107.000000, 
Threads_num: 36
 10.000000, 39.000000, 70.000000, 118.000000, 222.000000, 357.000000, 471.000000, 599.000000, 756.000000, 915.000000, 1071.000000, 1326.000000, 1514.000000, 1791.000000, 2072.000000, 
Threads_num: 41
 10.000000, 38.000000, 67.000000, 127.000000, 214.000000, 331.000000, 460.000000, 655.000000, 779.000000, 909.000000, 1067.000000, 1329.000000, 1499.000000, 1760.000000, 2097.000000, 
Threads_num: 46
 10.000000, 34.000000, 86.000000, 131.000000, 231.000000, 339.000000, 464.000000, 600.000000, 747.000000, 894.000000, 1059.000000, 1297.000000, 1452.000000, 1754.000000, 2054.000000, 
Threads_num: 51
 14.000000, 37.000000, 68.000000, 120.000000, 240.000000, 358.000000, 555.000000, 618.000000, 725.000000, 909.000000, 1138.000000, 1253.000000, 1489.000000, 1737.000000, 2087.000000, 
Threads_num: 56
 9.000000, 50.000000, 70.000000, 131.000000, 221.000000, 354.000000, 467.000000, 644.000000, 752.000000, 906.000000, 1071.000000, 1327.000000, 1559.000000, 1802.000000, 2080.000000, 
Threads_num: 61
 11.000000, 43.000000, 75.000000, 122.000000, 229.000000, 328.000000, 504.000000, 624.000000, 754.000000, 894.000000, 1090.000000, 1313.000000, 1554.000000, 1802.000000, 2053.000000, 
Threads_num: 66
 10.000000, 39.000000, 88.000000, 126.000000, 265.000000, 361.000000, 490.000000, 664.000000, 763.000000, 948.000000, 1076.000000, 1259.000000, 1549.000000, 1843.000000, 2131.000000, 
Threads_num: 71
 13.000000, 38.000000, 75.000000, 136.000000, 240.000000, 339.000000, 518.000000, 653.000000, 850.000000, 954.000000, 1165.000000, 1318.000000, 1541.000000, 1831.000000, 2182.000000, 
Threads_num: 76
 10.000000, 34.000000, 74.000000, 116.000000, 242.000000, 358.000000, 455.000000, 641.000000, 830.000000, 989.000000, 1137.000000, 1351.000000, 1642.000000, 1887.000000, 2210.000000, 
Threads_num: 81
 14.000000, 33.000000, 84.000000, 120.000000, 239.000000, 399.000000, 520.000000, 682.000000, 881.000000, 958.000000, 1143.000000, 1436.000000, 1615.000000, 1823.000000, 2154.000000, 
Threads_num: 86
 12.000000, 41.000000, 68.000000, 126.000000, 239.000000, 365.000000, 469.000000, 679.000000, 815.000000, 1005.000000, 1181.000000, 1424.000000, 1621.000000, 1999.000000, 2264.000000, 